b:
-10 0 0
-9 -8 0
-5 -8 0
10 0 0
0 0 0

h:
0 5 0
-5 0 0
-10 0 0
0 -10 0
0 0 0

h:
0 5 0
-5 0 0
0 -10 0
-10 0 0
0 0 0

h:
-5 0 0
0 -5 0
0 -10 0
10 0 0
0 0 0

h:
-5 0 0
0 -5 0
10 0 0
0 -10 0
0 0 0

h:
0 -5 0
5 0 0
10 0 0
0 10 0
0 0 0

h:
0 -5 0
5 0 0
0 10 0
10 0 0
0 0 0


h:
5 0 0
0 5 0
0 10 0
-10 0 0
0 0 0

h:
5 0 0
0 5 0
-10 0 0
0 10 0
0 0 0

h:
0 5 0
0 -5 0
-15 -15 0
-15 -15 0
255 0 0

h:
0 5 0
0 -5 0
15 -15 0
15 -15 0
255 0 0

h:
0 5 0
0 -5 0
-10 -15 0
-10 -15 0
255 0 0

h:
0 5 0
0 -5 0
10 -15 0
10 -15 0
255 0 0

h:
5 0 0
-5 0 0
-15 15 0
-15 15 0
255 0 0

h:
5 0 0
-5 0 0
-15 -15 0
-15 -15 0
255 0 0

h:
5 0 0
-5 0 0
-15 10 0
-15 10 0
255 0 0

h:
5 0 0
-5 0 0
-15 -10 0
-15 -10 0
255 0 0

//
/h: = hermite
first point
second point
first tangent
second tangent
color rgb

/b: = bezier
first point
first control point
second control point
second point
color rgb
